0 0 0 0 0 0 0 0 0 0 0 0 0 0 0 61 57 62 0 0 0 0 0 0 0 0 0 0 0 0 0 0 65 0 0 0 0 0 0 51 52 53 0 0 0 0 0 0 0 0
0 0 0 0 0 0 0 0 0 0 0 0 0 0 0 0 0 0 0 0 0 0 0 0 0 0 0 0 0 0 0 0 65 0 0 0 0 0 0 0 0 0 0 0 0 0 0 0 0 0
0 0 0 0 0 0 0 0 0 0 0 0 0 0 64 0 83 83 0 0 0 0 0 0 0 0 0 0 0 0 0 0 65 0 0 0 0 0 0 0 0 0 0 0 0 0 0 0 0 0
0 0 0 0 0 0 0 0 0 0 0 0 0 0 65 4 5 5 6 0 0 0 0 0 0 0 0 0 0 0 0 0 71 0 0 0 0 0 0 0 0 0 0 0 0 0 0 0 0 0
4 5 5 5 6 0 0 87 87 57 87 0 0 0 65 11 11 11 11 0 0 0 0 0 0 64 91 92 0 0 75 75 75 75 75 0 0 0 0 0 0 0 0 0 0 0 0 0 0 0
11 11 11 11 11 0 0 0 0 0 0 0 0 0 65 11 11 11 11 0 0 0 0 0 0 65 93 94 0 0 0 0 0 0 0 0 0 0 0 0 0 0 0 0 0 0 0 0 0 0
11 11 11 11 11 0 0 0 0 0 0 0 0 0 65 63 63 63 63 0 0 0 0 0 0 65 93 94 0 0 0 0 0 0 0 0 0 0 0 0 0 0 0 0 0 0 0 0 87 87
11 11 11 11 11 0 0 0 0 0 0 0 0 0 65 0 0 0 0 0 0 0 0 0 0 65 93 94 0 0 0 0 0 0 0 0 0 0 0 0 0 0 0 0 0 0 0 87 87 87
11 11 11 11 11 13 14 15 13 14 15 0 0 0 65 0 0 0 0 0 0 0 0 0 0 71 87 87 87 0 0 0 0 0 0 0 0 0 0 0 0 0 0 0 0 0 87 87 87 87
11 11 11 11 11 19 20 21 19 20 21 0 49 50 71 0 58 0 49 50 0 0 58 0 0 87 0 0 0 87 0 0 0 0 0 0 0 0 0 0 0 0 0 0 0 87 87 87 87 87
5 5 5 5 5 5 5 5 5 5 5 5 5 5 5 5 5 5 5 5 5 5 6 0 0 87 0 0 0 87 0 49 50 0 0 0 0 0 0 0 0 0 0 0 87 87 87 87 87 87
11 11 11 11 11 11 11 11 11 11 11 11 11 11 11 11 11 11 11 11 11 11 11 5 5 5 5 5 5 5 5 5 5 82 75 75 82 5 5 5 5 5 5 5 5 5 5 5 5 5
11 11 11 11 11 11 11 11 11 11 11 11 11 11 11 11 11 11 11 11 11 11 11 11 11 11 11 11 11 11 11 11 11 0 0 0 0 11 11 11 11 11 11 11 11 11 11 11 11 11
11 11 11 11 11 11 11 11 11 11 11 11 11 11 11 11 11 11 11 11 11 11 11 11 11 11 11 11 11 11 11 11 11 0 0 0 0 11 11 11 11 11 11 11 11 11 11 11 11 11