1 0 335 901 149 16 0 0 0 0 5 14 6 14 7 14
1 0 239 869 120 16 0 0 0 0 3 13 4 13 5 13
1 0 311 373 128 16 0 0 0 0 4 5 5 5 6 5 4 6 5 6 6 6
1 0 257 277 134 16 0 0 0 0 4 4 5 4 6 4
1 0 359 229 112 16 0 0 0 0 5 3 6 3 7 3
1 0 615 421 112 16 0 0 0 0 9 6 10 6 11 6
1 0 855 325  48 16 0 0 0 0 13 5 14 5
1 0 927 277 194 16 0 0 0 0 14 4 15 4 16 4 17 4
1 0 943 453 168 16 0 0 0 0 14 7 15 7 16 7 17 7
1 0 871 517 104 16 0 0 0 0 13 8 14 8 15 8
1 0 1047 773 72 16 0 0 0 0 16 12 17 12
1 0 903 837 216 16 0 0 0 0 14 13 15 13 16 13 17 13
1 0 1303 261 112 16 0 0 0 0 20 4 21 4 22 4
1 0 1383 213 176 16 0 0 0 0 21 3 22 3 24 3
1 0 1407 933 82 16 0 0 0 0 21 14 22 14 23 14
1 0 1423 869 66 16 0 0 0 0 22 13 23 13
1 0 1319 821 104 16 0 0 0 0 20 12 21 12 22 12 20 13 21 13 22 13
1 0 1241 757 158 16 0 0 0 0 19 11 20 11 21 11 19 12 20 12 21 12
1 0 1871 245 264 16 0 0 0 0 29 3 30 3 31 3 32 3 33 3 29 4 30 4 31 4 32 4 33 4
1 0 2031 453 239 16 0 0 0 0 31 7 32 7 33 7 34 7
1 0 1569 981 254 16 0 0 0 0 24 15 25 15 26 15 27 15 28 15
1 0 1635 773 188 16 0 0 0 0 25 12 26 12 27 12 28 12
1 0 2175 821 95 16 0 0 0 0 33 12 34 12 33 13 34 13
1 0 2143 709 127 16 0 0 0 0 33 11 34 11
1 0 1391 613 98 16 0 0 0 0 21 9 22 9 23 9
1 0 1569 613 62 16 0 0 0 0 24 9 25 9
1 0 1615 533 184 16 0 0 0 0 25 8 26 8 27 8 28 8
1 0 1569 725 110 16 0 0 0 0 24 11 25 11 26 11
1 0 129 757 128 8 0 0 0 0 2 11 3 11 4 11
1 0 1 710 145 8 0 0 0 0 0 11 1 11 2 11
1 0 126 557 147 8 0 0 0 0 1 8 2 8 3 8 4 8
1 0 1 501 104 8 0 0 0 0 0 7 1 7
1 0 1 293 104 8 0 0 0 0 0 4 1 4
1 0 129 237 144 8 0 0 0 0 2 3 3 3 4 3
1 0 139 357 126 8 0 0 0 0 2 5 3 5 4 5
1 0 425 821 192 8 0 0 0 0 6 12 7 12 8 12 9 12
1 0 449 917 477 8 0 0 0 0 7 14 8 14 9 14 10 14 11 14 12 14 13 14 14 14
1 0 425 461 216 8 0 0 0 0 6 7 7 7 8 7 9 7 10 7
1 0 440 293 121 8 0 0 0 0 6 4 7 4 8 4
1 0 769 221 144 8 0 0 0 0 12 3 13 3 14 3
1 0 450 709 335 8 0 0 0 0 7 11 8 11 9 11 10 11 11 11 12 11
1 0 765 742 113 8 0 0 0 0 11 11 12 11 13 11
1 0 705 373 88 8 0 0 0 0 11 5 12 5
1 0 769 341 144 8 0 0 0 0 12 5 13 5 14 5
1 0 849 589 64 8 0 0 0 0 13 9 14 9
1 0 865 709 96 8 0 0 0 0 13 11 14 11 15 11
1 0 945 677 64 8 0 0 0 0 14 10 15 10
1 0 1113 693 168 8 0 0 0 0 17 10 18 10 19 10 20 10
1 0 1065 485 169 8 0 0 0 0 16 7 17 7 18 7 19 7
1 0 1121 325 145 8 0 0 0 0 17 5 18 5 19 5
1 0 1233 373 497 8 0 0 0 0 19 5 20 5 21 5 22 5 23 5 24 5 25 5 26 5 27 5
1 0 1097 213 168 8 0 0 0 0 17 3 18 3 19 3
1 0 1793 373 160 8 0 0 0 0 28 5 29 5 30 5
1 0 1769 613 185 8 0 0 0 0 27 9 28 9 32 9
1 0 1834 854 104 8 0 0 0 0 28 12 29 13 30 13
1 0 1787 1029 184 8 0 0 0 0 27 16 28 16 29 16 30 16
1 0 2089 597 180 8 0 0 0 0 32 9 33 9 34 9
1 0 1113 917 120 8 0 0 0 0 17 14 18 14 19 14
1 0 2081 214 150 8 0 0 0 0 32 3 33 3 34 3
1 0 849 317 105 8 0 0 0 0 13 4 14 4
1 0 545 590 365 8 0 0 0 0 8 9 9 9 10 9 11 9 12 9 13 9 14 9
1 0 0 1100 2240 8 0 0 0 0 0 17 1 17 2 17 3 17 4 17 5 17 6 17 7 17 8 17 9 17 10 17 11 17 12 17 13 17 14 17 15 17 16 17 17 17 18 17 19 17 20 17 21 17 22 17 23 17 24 17 25 17 26 17 27 17 28 17 29 17 30 17 31 17 32 17 33 17 34 17
2 0 1490 404 80 736 0 0 0 0 24 6 25 6 26 6 24 7 25 7 26 7 24 8 25 8 26 8 24 9 25 9 26 9 24 10 25 10 26 10 24 11 25 11 26 11 24 12 25 12 26 12 24 13 25 13 26 13 24 14 25 14 26 14 24 15 25 15 26 15 24 16 25 16 26 16 24 17 25 17 26 17 24 18 25 18 26 18
2 0 242 568 16 300 0 0 0 0 4 9 4 10 4 11 4 12 4 13 4 14
2 0 434 471 16 246 0 0 0 0 7 7 7 8 7 9 7 10 7 11
2 0 450 247 16 213 0 0 0 0 7 4 7 5 7 6 7 7
2 0 370 248 16 30 0 0 0 0 6 4
2 0 242 246 16 110 0 0 0 0 4 4 4 5
2 0 338 886 16 16 0 0 0 0 5 14 5 15
2 0 482 836 16 80 0 0 0 0 8 13 8 14 8 15
2 0 626 440 16 20 0 0 0 0 10 7
2 0 705 383 16 36 0 0 0 0 11 6 12 6
2 0 770 353 16 20 0 0 0 0 12 5 12 6 13 5 13 6
2 0 770 36 16 185 0 0 0 0 12 0 12 1 12 2 12 3 13 0 13 1 13 2 13 3
2 0 930 295 16 20 0 0 0 0 15 4 15 5
2 0 961 471 16 45 0 0 0 0 16 7 16 8
2 0 898 533 16 56 0 0 0 0 14 8 14 9 15 8 15 9
2 0 946 686 16 20 0 0 0 0 15 11 16 11
2 0 866 718 16 20 0 0 0 0 14 11 14 12
2 0 770 721 16 20 0 0 0 0 12 12 13 12
2 0 914 854 16 62 0 0 0 0 15 14 15 15
2 0 1250 704 16 50 0 0 0 0 20 11 20 12 21 11 21 12
2 0 1330 776 16 45 0 0 0 0 22 12 22 13
2 0 1122 505 16 417 0 0 0 0 18 8 18 9 18 10 18 11 18 12 18 13 18 14 18 15
2 0 1121 224 16 100 0 0 0 0 18 3 18 4 18 5
2 0 1250 333 16 35 0 0 0 0 20 5 20 6 21 5 21 6
2 0 1393 231 16 30 0 0 0 0 23 3 23 4
2 0 1537 5 16 210 0 0 0 0 25 0 25 1 25 2 25 3
2 0 1521 301 16 72 0 0 0 0 25 5 25 6
2 0 1649 742 16 30 0 0 0 0 27 12
2 0 1713 125 16 246 0 0 0 0 28 2 28 3 28 4 28 5 28 6
2 0 1777 2 16 610 0 0 0 0 29 0 29 1 29 2 29 3 29 4 29 5 29 6 29 7 29 8 29 9 29 10
2 0 1921 630 16 225 0 0 0 0 32 10 32 11 32 12 32 13 32 14
2 0 0 0 2 1152 0 0 0 0 0 0 0 1 0 2 0 3 0 4 0 5 0 6 0 7 0 8 0 9 0 10 0 11 0 12 0 13 0 14 0 15 0 16 0 17
2 0 2238 0 2 1152 0 0 0 0 34 0 34 1 34 2 34 3 34 4 34 5 34 6 34 7 34 8 34 9 34 10 34 11 34 12 34 13 34 14 34 15 34 16 34 17
3 0 20 655 51 53 0 0 0 0 0 10 0 11 1 10 1 11
3 0 723 864 51 53 673 864 824 917 11 13 11 14 12 13 12 14
3 0 164 504 51 53 0 0 0 0 2 7 2 8 3 7 3 8
3 0 973 225 51 53 0 0 0 0 15 3 15 4 16 3 16 4
3 0 1318 319 51 53 0 0 0 0 20 4 20 5 21 4 21 5
3 0 1960 190 51 53 1910 190 2061 243 30 2 30 3 31 2 31 3
3 0 2107 397 51 53 2057 397 2208 450 32 6 32 7 33 6 33 7
3 0 2070 1048 51 53 2020 1048 2171 1101 32 16 32 17 33 16 33 17
4 0 571 825 62 92 0 0 0 0 8 12 8 13 8 14 9 12 9 13 9 14
4 0 942 746 62 92 0 0 0 0 14 11 14 12 14 13 15 11 15 12 15 13
4 0 1151 825 62 92 0 0 0 0 17 12 17 13 17 14 18 12 18 13 18 14
4 0 1282 664 62 92 0 0 0 0 20 10 20 11 21 10 21 11
4 0 944 586 62 92 0 0 0 0 14 9 14 10 15 9 15 10
4 0 1704 682 62 92 0 0 0 0 26 10 26 11 26 12 27 10 27 11 27 12
4 0 1839 522 62 92 0 0 0 0 28 8 28 9 29 8 29 9
4 0 1637 441 62 92 0 0 0 0 25 6 25 7 25 8 26 6 26 7 26 8
5 0 980 1012 38 68 0 0 0 0 15 15 15 16
5 0 1027 1012 38 68 0 0 0 0 16 15 16 16
5 0 1108 1013 38 68 0 0 0 0 17 15 17 16
5 0 570 500 38 68 0 0 0 0 8 8 9 8
5 0 690 497 38 68 0 0 0 0 10 7 10 8 11 7 11 8
5 0 575 615 38 68 0 0 0 0 8 9 8 10 9 9 9 10
5 0 693 617 38 68 0 0 0 0 10 9 10 10 11 9 11 10
6 0 85 716 8 177 0 0 0 0 1 11 1 12 1 13 1 14
6 0 133 766 8 208 0 0 0 0 2 12 2 13 2 14 2 15 2 16
6 0 309 885 8 113 0 0 0 0 5 14 5 15 5 16
6 0 85 509 8 168 0 0 0 0 1 8 1 9 1 10 1 11
6 0 85 301 8 160 0 0 0 0 1 5 1 6 1 7
6 0 277 293 8 304 0 0 0 0 4 4 4 5 4 6 4 7 4 8 4 9
6 0 469 470 8 208 0 0 0 0 7 7 7 8 7 9 7 10 7 11
6 0 1045 469 8 176 0 0 0 0 17 2 17 3 17 4 17 5
6 0 1653 549 8 144 0 0 0 0 27 9 27 10 27 11
6 0 1797 789 8 135 0 0 0 0 29 13 29 14 29 15
6 0 2070 262 8 144 0 0 0 0 34 4 34 5 34 6
6 0 1925 381 8 184 0 0 0 0 32 6 32 7 32 8 32 9
6 0 2053 469 8 232 0 0 0 0 34 7 34 8 34 9 34 10 34 11
7 0 350 962 7 16 280 892 427 1048 5 15
7 0 1405 994 7 16 1335 924 1482 1080 21 15
7 0 1733 997 7 16 1663 927 1810 1083 27 15
7 0 14 354 7 16 2 284 91 440 0 5
7 0 238 410 7 16 168 340 315 496 3 6
7 0 90 130 7 16 20 60 167 216 1 2
7 0 1001 354 7 16 931 284 1078 440 15 5
8 0 1606 920 50 65 1576 920 1686 985 25 14 25 15
8 0 2198 757 50 65 0 0 0 0 34 11 34 12
9 0 448 1055 11 12 0 0 0 0 7 16
9 0 1072 1047 11 12 0 0 0 0 16 16
9 0 1441 902 11 12 0 0 0 0 22 14
9 0 1364 793 11 12 0 0 0 0 21 12
9 0 1218 657 11 12 0 0 0 0 19 10
9 0 1365 450 11 12 0 0 0 0 21 7
9 0 1047 369 11 12 0 0 0 0 16 5
9 0 1019 408 11 12 0 0 0 0 15 6 16 6
9 0 968 370 11 12 0 0 0 0 15 5
9 0 629 504 11 12 0 0 0 0 9 7 9 8
9 0 704 821 11 12 0 0 0 0 11 12 11 13
9 0 736 795 11 12 0 0 0 0 11 12
9 0 769 817 11 12 0 0 0 0 12 12
9 0 136 532 11 12 0 0 0 0 2 8
9 0 839 195 11 12 0 0 0 0 13 3
9 0 1331 246 11 12 0 0 0 0 20 3 20 4
9 0 1347 224 11 12 0 0 0 0 21 3
9 0 1369 241 11 12 0 0 0 0 21 3
9 0 1752 194 11 12 0 0 0 0 27 3
9 0 1753 229 11 12 0 0 0 0 27 3
9 0 1753 262 11 12 0 0 0 0 27 4
9 0 1624 698 11 12 0 0 0 0 25 10 25 11
9 0 1680 747 11 12 0 0 0 0 26 11
9 0 1577 926 11 12 0 0 0 0 24 14
9 0 1584 956 11 12 0 0 0 0 24 14 24 15
9 0 1819 1006 11 12 0 0 0 0 28 15
9 0 2134 788 11 12 0 0 0 0 33 12
9 0 2185 686 11 12 0 0 0 0 34 10
9 0 1805 572 11 12 0 0 0 0 28 8 28 9
9 0 2187 419 11 12 0 0 0 0 34 6
10 0 2191 949 17 17 0 0 0 0 34 14 34 15
10 0 2196 999 17 17 0 0 0 0 34 15
10 0 2197 1029 17 17 0 0 0 0 34 16
10 0 1082 744 17 17 0 0 0 0 16 11
10 0 635 635 17 17 0 0 0 0 9 9 9 10 10 9 10 10
10 0 638 682 17 17 0 0 0 0 9 10 10 10
10 0 274 787 17 17 0 0 0 0 4 12
10 0 274 838 17 17 0 0 0 0 4 13
10 0 30 191 17 17 0 0 0 0 0 2 0 3
10 0 29 256 17 17 0 0 0 0 0 4
11 0 536 389 19 24 0 0 0 0 8 6
11 0 1070 796 19 24 0 0 0 0 16 12 17 12
11 0 1736 313 19 24 0 0 0 0 27 4 27 5
11 0 1745 1056 19 24 0 0 0 0 27 16
12 0 336 321 55 54 0 0 0 0 5 5 6 5
13 0 1139 453 20 33 0 0 0 0 17 7 18 7
13 0 1635 340 20 33 0 0 0 0 25 5
14 0 1154 740 38 50 0 0 0 0 18 11 18 12
14 0 1132 264 38 50 0 0 0 0 17 4 18 4
14 0 1558 9 38 50 0 0 0 0 18 0
15 0 358 791 32 15 0 0 0 0 5 13 6 13 4 11 5 11 6 10 4 9 4 10 5 9 5 10
15 2000 307 738 32 15 0 0 0 0 4 11 5 11 6 10 4 9 4 10 5 9 5 10 5 13 6 13
15 0 364 678 32 15 0 0 0 0 5 10 6 10 4 11 5 11 4 9 4 10 5 9 5 13 6 13
15 2000 290 636 32 15 0 0 0 0 4 9 4 10 5 9 5 10 4 11 5 11 6 10 5 13 6 13
15 0 564 138 32 15 0 0 0 0 8 2 9 2
15 2000 650 201 32 15 0 0 0 0 10 3
15 0 582 255 32 15 0 0 0 0 9 3 9 4
15 2000 662 843 32 15 0 0 0 0 10 13
15 0 1300 1027 32 15 0 0 0 0 20 16 19 15 20 14 20 15 21 14 21 15 19 13 20 10 21 8 22 8 20 7 20 8
15 2000 1244 981 32 15 0 0 0 0 19 15 20 16 19 15 20 14 20 15 21 14 21 15 19 13 20 10 21 8 22 8 20 7 20 8
15 0 1326 946 32 15 0 0 0 0 20 14 20 15 21 14 21 15 20 16 19 15 19 13 20 10 21 8 22 8 20 7 20 8
15 2000 1243 852 32 15 0 0 0 0 19 13 20 16 19 15 20 14 20 15 21 14 21 15 20 10 21 8 22 8 20 7 20 8
15 0 1311 649 32 15 0 0 0 0 20 10 20 16 19 15 20 14 20 15 21 14 21 15 19 13 21 8 22 8 20 7 20 8
15 2000 1379 532 32 15 0 0 0 0 21 8 22 8 20 16 19 15 20 14 20 15 21 14 21 15 19 13 20 10 20 7 20 8
15 0 1296 498 32 15 0 0 0 0 20 7 20 8 20 16 19 15 20 14 20 15 21 14 21 15 19 13 20 10 21 8 22 8
15 0 1449 311 32 15 0 0 0 0 22 4 22 5 23 4 23 5
15 0 1579 311 32 15 0 0 0 0  24 4 24 5 25 5 25 4 26 3 26 4 24 3 25 3 25 2 26 2 24 1 25 1
15 2000 1642 251 32 15 0 0 0 0 24 4 24 5 25 5 25 4 26 3 26 4 24 3 25 3 25 2 26 2 24 1 25 1
15 0 1579 201 32 15 0 0 0 0 24 4 24 5 25 5 25 4 26 3 26 4 24 3 25 3 25 2 26 2 24 1 25 1
15 2000 1640 143 32 15 0 0 0 0 24 4 24 5 25 5 25 4 26 3 26 4 24 3 25 3 25 2 26 2 24 1 25 1
15 0 1581 88 32 15 0 0 0 0 24 4 24 5 25 5 25 4 26 3 26 4 24 3 25 3 25 2 26 2 24 1 25 1
15 0 1997 1026 32 15 0 0 0 0 31 16 32 15 33 14 31 12 32 12 33 13 30 11 31 11 32 11 33 11 31 8 30 7 31 7 30 5 30 6 31 5 31 6 28 4
15 2000 2069 975 32 15 0 0 0 0 31 16 32 15 33 14 31 12 32 12 33 13 30 11 31 11 32 11 33 11 31 8 30 7 31 7 30 5 30 6 31 5 31 6 28 4
15 0 2124 913 32 15 0 0 0 0 31 16 32 15 33 14 31 12 32 12 33 13 30 11 31 11 32 11 33 11 31 8 30 7 31 7 30 5 30 6 31 5 31 6 28 4
15 2000 2041 868 32 15 0 0 0 0 31 16 32 15 33 14 31 12 32 12 33 13 30 11 31 11 32 11 33 11 31 8 30 7 31 7 30 5 30 6 31 5 31 6 28 4
15 0 2121 843 32 15 0 0 0 0 31 16 32 15 33 14 31 12 32 12 33 13 30 11 31 11 32 11 33 11 31 8 30 7 31 7 30 5 30 6 31 5 31 6 28 4
15 2000 2049 792 32 15 0 0 0 0 31 16 32 15 33 14 31 12 32 12 33 13 30 11 31 11 32 11 33 11 31 8 30 7 31 7 30 5 30 6 31 5 31 6 28 4
15 0 1982 752 32 15 0 0 0 0 31 16 32 15 33 14 31 12 32 12 33 13 30 11 31 11 32 11 33 11 31 8 30 7 31 7 30 5 30 6 31 5 31 6 28 4
15 2000 2082 731 32 15 0 0 0 0 31 16 32 15 33 14 31 12 32 12 33 13 30 11 31 11 32 11 33 11 31 8 30 7 31 7 30 5 30 6 31 5 31 6 28 4
15 0 1994 554 32 15 0 0 0 0 31 16 32 15 33 14 31 12 32 12 33 13 30 11 31 11 32 11 33 11 31 8 30 7 31 7 30 5 30 6 31 5 31 6 28 4
15 2000 1953 485 32 15 0 0 0 0 31 16 32 15 33 14 31 12 32 12 33 13 30 11 31 11 32 11 33 11 31 8 30 7 31 7 30 5 30 6 31 5 31 6 28 4
15 0 1983 373 32 15 0 0 0 0 31 16 32 15 33 14 31 12 32 12 33 13 30 11 31 11 32 11 33 11 31 8 30 7 31 7 30 5 30 6 31 5 31 6 28 4
15 2000 1817 292 32 15 0 0 0 0 31 16 32 15 33 14 31 12 32 12 33 13 30 11 31 11 32 11 33 11 31 8 30 7 31 7 30 5 30 6 31 5 31 6 28 4
16 0 729 1033 20 20 0 0 0 0 11 16
16 0 729 1068 20 20 0 0 0 0 11 16 11 17
16 0 786 1034 20 20 0 0 0 0 12 16
16 0 785 1068 20 20 0 0 0 0 12 16 12 17
16 0 1723 801 20 20 0 0 0 0 26 12 27 12
16 0 1723 837 20 20 0 0 0 0 26 13 27 13
16 0 1723 869 20 20 0 0 0 0 26 13 27 13
16 0 1723 906 20 20 0 0 0 0 26 14 27 14
16 0 1723 946 20 20 0 0 0 0 26 14 26 15 27 14 27 15
16 0 1019 677 20 20 0 0 0 0 15 10 16 10
16 0 1058 677 20 20 0 0 0 0 16 10
16 0 122 645 20 20 0 0 0 0 1 10 2 10
16 0 1520 254 20 20 0 0 0 0 23 3 23 4 24 3 24 4
16 0 2006 285 20 20 0 0 0 0 31 4
16 0 1354 563 20 20 0 0 0 0 21 8 21 9
16 0 1354 599 20 20 0 0 0 0 21 9
17 0 2220 167 15 90 0 0 0 0 34 2 34 3 34 4